8.9886
12.157
7.8171
21.046
23.36
25.143
30.408
23.21
23.073
24.113
21.307
22.421
49.804
53.697
86.005
73.2
83.12
84.477
95.633
66.645
64.436
65.723
43.853
35.676
86.761
76.241
76.926
82.555
84.142
78.089
77.375
64.579
72.655
71.885
77.647
78.812
76.544
81.085
78.448
74.246
74.565
77.321
74.806
78.203
77.935
53.153
45.849
53.022
135.22
126.7
124.95
123.9
150.4
160.96
140.52
130.36
150.74
126.19
72.34
66.223
55.77
61.724
62.432
62.971
70.964
56.891
71.455
72.489
74.874
75.872
62.398
74.954
70.13
64.791
72.026
66.157
31.155
40.032
39.223
31.498
36.069
37.378
31.376
34.259
44.793
30.748
35.103
37.045
44.07
39.516
30.214
24.79
22.671
22.19
22.516
22.752
26.537
23.904
28.817
26.388
24.474
26.872
33.757
32.059
25.904
24.472
26.753
30.217
23.965
28.467
24.235
21.996
35.174
27.294
23.604
21.841
22.206
25.461
23.136
22.937
21.549
22.559
23.862
25.051
26.416
23.05
24.033
24.619
22.993
24.002
24.158
27.36
24.989
23.177
23.033
30.613
35.383
25.85
26.507
25.293
23.034
23.775
24.045
26.71
23.053
25.67
24.145
23.717
21.562
23.117
24.582
22.728
21.904
20.254
19.928
21.179
69.419
74.362
94.084
81.07
101.6
102.23
53.434
23.24
22.328
22.712
21.432
20.538
69.052
79.971
90.705
86.567
73.412
78.73
60.576
73.572
70.732
75.469
74.321
76.456
47.25
34.194
34.76
29.002
19.882
20.866
24.519
22.136
22.793
21.409
19.759
20.339
100.03
97.44
93.204
97.246
124.91
113.22
102.76
92.046
106.75
42.701
24.674
20.903
23.152
19.958
19.834
20.399
20.075
19.805
40.585
30.401
34.609
34.425
30.138
34.789
34.548
29.761
34.616
35.713
31.939
35.493
37.712
31.193
34.662
35.62
29.091
34.151
35.613
31.601
37.121
34.11
28.961
35.338
28.429
19.339
19.212
28.475
35.651
26.968
21.162
19.842
23.04
25.687
20.3
20.891
21.276
21.824
19.939
20.239
20.319
19.791
19.35
19.294
19.158
19.493
19.352
22.657
22.481
20.511
19.713
19.397
19.457
20.037
21.436
19.951
20.525
19.902
19.201
19.707
20.287
19.656
19.088
19.302
18.783
19.854
19.649
19.14
18.002
19.185
18.319
20.543
20.21
20.303
20.07
19.809
18.447
20.357
20.415
19.433
19.264
19.764
19.019
19.785
21.197
20.004
18.954
19.722
18.163
19.841
19.425
18.797
18.295
19.43
23.599
26.996
26.155
21.145
20.659
20.558
19.903
19.825
35.25
34.018
34.254
33.698
33.191
34.282
35.022
33.123
34.738
34.573
33.404
34.603
28.676
20.328
20.21
19.134
19.076
20.689
20.671
16.066
18.778
20.681
19.764
19.467
83.627
88.3
90.948
76.693
50.931
69.71
80.288
87.872
91.716
19.839
18.656
18.79
21.025
18.563
18.315
19.132
18.89
19.942
32.382
34.552
36.114
30.285
33.579
35.432
28.75
34.786
34.28
29.787
35.247
35.913
30.451
34.674
34.126
29.519
34.298
34.13
30.28
35.45
34.577
28.776
37.518
34.704
27.587
20.135
18.476
20.274
19.79
19.521
32.976
41.527
20.562
20.413
18.468
20.1
21.9
19.544
19.949
19.161
18.143
19.806
19.585
19.615
19.487
20.114
18.192
19.421
21.076
20.152
18.051
19.286
17.975
21.084
18.789
19.813
18.325
19.776
18.668
19.626
21.541
20.323
18.308
18.898
19.035
18.912
18.356
19.195
17.843
18.615
18.639
18.165
19.791
19.24
19.359
19.202
18.64
23.115
23.289
18.634
20.131
19.464
19.775
20.208
20.496
19.943
19.663
19.379
19.157
20.246
40.082
61.656
83.249
74.666
82.296
85.498
92.183
72.208
56.513
52.54
50.965
22.327
74.089
81.797
69.956
70.358
52.119
21.786
21.534
21.643
21.038
20.779
20.766
20.628
20.247
19.803
20.116
19.463
17.927
19.573
19.627
20.058
19.167
19.194
19.184
19.36
84.707
95.618
96.237
75.109
50.667
57.681
89.059
79.45
90.203
46.919
19.689
21.381
21.566
19.954
19.666
19.515
19.777
19.886
30.909
36.122
29.424
35.305
36.248
32.198
34.386
36.053
30.407
34.998
36.1
31.569
36.008
34.556
30.776
34.508
34.833
29.926
37.182
38.206
28.784
34.206
34.564
30.066
26.915
20.174
19.785
20.592
21.031
22.351
22.87
22.024
31.399
21.827
35.523
24.556
25.099
26.114
25.591
30.793
24.513
24.677
25.422
25.363
24.66
27.803
22.234
29.847
35.359
46.825
65.83
32.885
23.845
62.676
69.289
69.818
34.304
27.16
25.741
23.897
29.59
27.299
27.66
27.123
32.038
24.92
26.604
27.953
33.202
24.561
23.818
35.682
29.588
24.41
21.612
31.636
32.388
24.348
25.571
28.205
42.284
33.817
43.5
53.451
44.954
42.606
39.796
39.458
36.799
40.598
81.472
106.21
93.026
101.92
98.162
124.68
86.363
76.329
65.694
69.311
58.783
28.066
53.064
69.24
65.725
74.834
72.733
67.113
68.072
72.101
70.415
59.798
50.853
51.684
43.214
50.519
51.674
40.726
20.218
21.484
23.277
20.205
19.687
20.891
19.447
20.036
87.575
87.362
92.126
78.236
47.853
54.633
73.881
77.235
91.805
73.395
20.556
20.531
21.277
20.168
19.3
20.132
20.007
19.921
38.091
33.077
37.637
37.684
32.805
31.796
31.612
33.997
30.819
31.118
32.844
32.118
32.91
30.499
30.38
29.488
30.555
29.997
33.988
32.848
30.317
31.162
31.719
30.842
27.551
21.023
23.474
22.948
23.355
20.841
22.335
25.441
44.011
41.184
33.179
44.387
44.746
90.96
86.585
87.644
74.741
36.583
38.586
39.04
40.546
51.304
39.261
34.121
29.496
21.597
20.434
20.832
22.309
21.332
24.367
21.729
22.569
23.748
24.752
25.891
33.598
27.117
21.612
19.456
21.446
21.916
24.139
27.916
30.612
23.469
25.6
36.707
40.307
33.075
25.223
24.523
25.941
25.492
29.407
24.601
24.612
23.789
22.742
24.61
26.468
23.467
22.365
22.927
22.077
25.457
44.107
49.836
66.114
104.86
122.62
111.87
87.984
90.22
73.442
70.259
65.194
90.157
73.714
96.733
66.597
60.82
97.238
75.192
65.876
63.394
67.496
87.608
90.729
89.451
69.949
138.66
131.26
122.84
92.734
69.407
86.584
46.469
23.493
27.139
40.469
46.29
113.48
101.69
92.833
78.91
48.823
57.813
87.074
73.572
89.054
57.735
21.12
21.006
21.241
19.746
20.506
20.494
19.975
20.733
34.491
36.243
35.949
30.089
35.278
34.028
30.862
35.565
35.222
35.406
51.476
62.001
48.668
46.09
58.102
39.135
48.089
35.06
32.81
53.2
75.404
31.644
35.846
36.006
26.708
43.127
52.729
22.51
33.254
34.948
32.909
23.671
23.12
35.174
46.911
51.206
70.557
56.269
49.869
49.13
43.498
41.439
38.204
53.318
74.213
70.128
68.522
72.809
57.822
50.628
26.379
23.406
21.977
21.08
24.442
23.478
21.656
24.637
21.796
22.214
28.392
25.286
24.953
23.003
23.894
29.946
26.305
23.112
21.859
23.107
22.329
21.399
25.789
29.325
28.285
31.282
36.146
49.018
36.727
26.157
23.003
21.99
23.9
26.123
23.624
22.094
20.521
21.172
20.717
21.02
76.264
91.92
85.374
92.631
100.24
97.386
104.43
94.553
91.403
83.193
93.237
92.437
92.897
78.503
72.645
59.22
51.497
61.281
87.577
93.841
89.555
80.527
81.082
86.345
92.374
89.602
89.546
88.001
88.418
85.589
89.978
81.134
76.549
85.667
63.036
57.193
98.325
89.971
91.77
77.136
51.623
61.443
90.288
74.679
91.975
44.684
21.66
23.368
21.991
20.95
20.767
20.417
20.065
22.337
36.587
35.648
34.613
31.022
37.286
35.079
30.6
35.973
34.36
30.315
36.104
36.041
36.937
35.88
35.159
31.395
35.248
33.531
32.502
33.796
33.854
29.699
34.492
34.528
23.823
21.146
20.365
21.471
25.183
23.205
23.486
23.665
22.671
23.574
23.829
23.851
26.34
29.137
25.274
24.2
25.149
24.582
22.298
24.425
27.173
23.278
26.563
25.997
25.096
26.433
23.653
23.504
28.628
22.508
23.544
23.998
25.256
25.009
23.204
30.259
24.692
26.39
25.549
22.655
22.506
21.984
22.917
23.675
22.639
22.538
23.568
22.415
22.965
30.653
24.023
23.445
24.628
27.149
8.9886
12.157
7.8171
21.046
23.36
25.143
30.408
23.21
23.073
24.113
21.307
22.421
49.804
53.697
86.005
73.2
83.12
84.477
95.633
66.645
64.436
65.723
43.853
35.676
86.761
76.241
76.926
82.555
84.142
78.089
77.375
64.579
72.655
71.885
77.647
78.812
76.544
81.085
78.448
74.246
74.565
77.321
74.806
78.203
77.935
53.153
45.849
53.022
135.22
126.7
124.95
123.9
150.4
160.96
140.52
130.36
150.74
126.19
72.34
66.223
55.77
61.724
62.432
62.971
70.964
56.891
71.455
72.489
74.874
75.872
62.398
74.954
70.13
64.791
72.026
66.157
31.155
40.032
39.223
31.498
36.069
37.378
31.376
34.259
44.793
30.748
35.103
37.045
44.07
39.516
30.214
24.79
22.671
22.19
22.516
22.752
26.537
23.904
28.817
26.388
24.474
26.872
33.757
32.059
25.904
24.472
26.753
30.217
23.965
28.467
24.235
21.996
35.174
27.294
23.604
21.841
22.206
25.461
23.136
22.937
21.549
22.559
23.862
25.051
26.416
23.05
24.033
24.619
22.993
24.002
24.158
27.36
24.989
23.177
23.033
30.613
35.383
25.85
26.507
25.293
23.034
23.775
24.045
26.71
23.053
25.67
24.145
23.717
21.562
23.117
24.582
22.728
21.904
20.254
19.928
21.179
69.419
74.362
94.084
81.07
101.6
102.23
53.434
23.24
22.328
22.712
21.432
20.538
69.052
79.971
90.705
86.567
73.412
78.73
60.576
73.572
70.732
75.469
74.321
76.456
47.25
34.194
34.76
29.002
19.882
20.866
24.519
22.136
22.793
21.409
19.759
20.339
100.03
97.44
93.204
97.246
124.91
113.22
102.76
92.046
106.75
42.701
24.674
20.903
23.152
19.958
19.834
20.399
20.075
19.805
40.585
30.401
34.609
34.425
30.138
34.789
34.548
29.761
34.616
35.713
31.939
35.493
37.712
31.193
34.662
35.62
29.091
34.151
35.613
31.601
37.121
34.11
28.961
35.338
28.429
19.339
19.212
28.475
35.651
26.968
21.162
19.842
23.04
25.687
20.3
20.891
21.276
21.824
19.939
20.239
20.319
19.791
19.35
19.294
19.158
19.493
19.352
22.657
22.481
20.511
19.713
19.397
19.457
20.037
21.436
19.951
20.525
19.902
19.201
19.707
20.287
19.656
19.088
19.302
18.783
19.854
19.649
19.14
18.002
19.185
18.319
20.543
20.21
20.303
20.07
19.809
18.447
20.357
20.415
19.433
19.264
19.764
19.019
19.785
21.197
20.004
18.954
19.722
18.163
19.841
19.425
18.797
18.295
19.43
23.599
26.996
26.155
21.145
20.659
20.558
19.903
19.825
35.25
34.018
34.254
33.698
33.191
34.282
35.022
33.123
34.738
34.573
33.404
34.603
28.676
20.328
20.21
19.134
19.076
20.689
20.671
16.066
18.778
20.681
19.764
19.467
83.627
88.3
90.948
76.693
50.931
69.71
80.288
87.872
91.716
19.839
18.656
18.79
21.025
18.563
18.315
19.132
18.89
19.942
32.382
34.552
36.114
30.285
33.579
35.432
28.75
34.786
34.28
29.787
35.247
35.913
30.451
34.674
34.126
29.519
34.298
34.13
30.28
35.45
34.577
28.776
37.518
34.704
27.587
20.135
18.476
20.274
19.79
19.521
32.976
41.527
20.562
20.413
18.468
20.1
21.9
19.544
19.949
19.161
18.143
19.806
19.585
19.615
19.487
20.114
18.192
19.421
21.076
20.152
18.051
19.286
17.975
21.084
18.789
19.813
18.325
19.776
18.668
19.626
21.541
20.323
18.308
18.898
19.035
18.912
18.356
19.195
17.843
18.615
18.639
18.165
19.791
19.24
19.359
19.202
18.64
23.115
23.289
18.634
20.131
19.464
19.775
20.208
20.496
19.943
19.663
19.379
19.157
20.246
40.082
61.656
83.249
74.666
82.296
85.498
92.183
72.208
56.513
52.54
50.965
22.327
74.089
81.797
69.956
70.358
52.119
21.786
21.534
21.643
21.038
20.779
20.766
20.628
20.247
19.803
20.116
19.463
17.927
19.573
19.627
20.058
19.167
19.194
19.184
19.36
84.707
95.618
96.237
75.109
50.667
57.681
89.059
79.45
90.203
46.919
19.689
21.381
21.566
19.954
19.666
19.515
19.777
19.886
30.909
36.122
