======HP2======
c = 4
2.91  0.80 0.76
3.93  0.78 0.72
4.99  0.72 0.66

c = 2
2.91  0.78 0.73
3.42  0.76
3.93  0.72 0.66
4.46  0.70
4.99  0.66 0.58

c = 1
2.91  0.60 0.56
3.42  0.58
3.93  0.46 0.42
4.46  0.44
4.99  0.42 0.40

c = 0.5
2.91  0.50 0.44
3.42  0.44
3.93  0.32 0.30
4.46  0.28
4.99  0.20 0.16


======HP1======
c = 2
1.53  0.84 0.80
1.68  0.83
1.83  0.82 0.78
2.00  0.81
2.16  0.80 0.76

c = 1
1.53  0.82 0.80
1.68  0.81
1.83  0.78 0.74
2.00  0.75
2.16  0.70 0.68

c = 0.5
1.53  0.74 0.64
1.68  0.73
1.83  0.72 0.60
2.00  0.68
2.16  0.66 0.58

c = 0.2
1.53  0.54 0.54 (very tiny difference)
1.83  0.54 0.54
2.16  0.54 0.50


   1.0e+07 *

8.9763    0.6217    0.2488
8.8860    0.6323    0.2644
8.7773    0.6022    0.2538
8.9225    1.7786    0.9530

   1.0e+04 *

5.2255    0.3179    0.0498
5.1919    0.2960    0.0534
5.0784    0.2563    0.0474
5.2974    0.8400    0.2303
